0;0;
0.26253;-0.42402;
0.52693;-0.84656;
0.79296;-1.2678;
1.0604;-1.6877;
1.3291;-2.1066;
1.5988;-2.5245;
1.8693;-2.9416;
2.1404;-3.358;
2.4119;-3.7737;
2.6835;-4.189;
2.9551;-4.6039;
3.2264;-5.0186;
3.4974;-5.4332;
3.768;-5.8479;
4.0383;-6.2626;
4.3086;-6.6775;
4.5789;-7.0927;
4.8493;-7.5083;
5.12;-7.9244;
5.391;-8.341;
5.6623;-8.7581;
5.934;-9.1758;
6.2059;-9.5941;
6.4783;-10.013;
6.7509;-10.432;
7.0239;-10.852;
7.297;-11.272;
7.5703;-11.693;
7.8437;-12.114;
8.1171;-12.534;
8.3904;-12.955;
8.6636;-13.375;
8.9368;-13.796;
9.2098;-14.216;
9.4827;-14.636;
9.7555;-15.056;
10.028;-15.475;
10.301;-15.894;
10.574;-16.313;
10.846;-16.732;
11.119;-17.151;
11.392;-17.569;
11.666;-17.987;
11.939;-18.406;
12.213;-18.824;
12.487;-19.241;
12.762;-19.659;
13.036;-20.077;
13.31;-20.495;
13.585;-20.912;
13.859;-21.33;
14.134;-21.747;
14.409;-22.165;
14.683;-22.582;
14.958;-23;
15.233;-23.417;
15.507;-23.835;
15.782;-24.252;
16.057;-24.669;
16.331;-25.087;
16.606;-25.504;
16.881;-25.922;
17.156;-26.339;
17.43;-26.757;
17.705;-27.174;
17.979;-27.592;
18.254;-28.01;
18.528;-28.428;
18.802;-28.846;
19.076;-29.264;
19.349;-29.682;
19.623;-30.1;
19.896;-30.518;
20.169;-30.937;
20.441;-31.355;
20.714;-31.774;
20.986;-32.193;
21.258;-32.611;
21.529;-33.03;
21.801;-33.45;
22.072;-33.869;
22.343;-34.288;
22.614;-34.708;
22.885;-35.127;
23.155;-35.547;
23.426;-35.966;
23.697;-36.386;
23.967;-36.805;
24.238;-37.225;
24.508;-37.645;
24.779;-38.064;
25.049;-38.484;
25.32;-38.904;
25.591;-39.323;
25.861;-39.743;
26.132;-40.163;
26.403;-40.583;
26.674;-41.003;
26.945;-41.422;
27.216;-41.842;
27.487;-42.262;
27.758;-42.682;
28.029;-43.102;
28.3;-43.522;
28.571;-43.943;
28.842;-44.363;
29.113;-44.783;
29.384;-45.203;
29.655;-45.624;
29.927;-46.044;
30.198;-46.464;
30.469;-46.885;
30.74;-47.305;
31.012;-47.725;
31.283;-48.146;
31.554;-48.567;
31.825;-48.987;
32.096;-49.408;
32.367;-49.828;
32.638;-50.249;
32.909;-50.67;
33.18;-51.091;
33.451;-51.511;
33.722;-51.932;
33.993;-52.353;
34.264;-52.773;
34.535;-53.194;
34.806;-53.614;
35.078;-54.034;
35.35;-54.455;
35.621;-54.875;
35.893;-55.294;
36.165;-55.714;
36.438;-56.134;
36.71;-56.553;
36.982;-56.973;
37.255;-57.392;
37.528;-57.811;
37.801;-58.23;
38.074;-58.649;
38.347;-59.068;
38.62;-59.487;
38.893;-59.906;
39.166;-60.325;
39.439;-60.744;
39.713;-61.163;
39.986;-61.582;
40.259;-62.001;
40.533;-62.419;
40.806;-62.838;
41.079;-63.257;
41.353;-63.676;
41.626;-64.095;
41.899;-64.513;
42.173;-64.932;
42.446;-65.35;
42.719;-65.769;
42.992;-66.187;
43.266;-66.605;
43.539;-67.023;
43.812;-67.442;
44.085;-67.86;
44.358;-68.278;
44.631;-68.695;
44.904;-69.113;
45.177;-69.531;
45.45;-69.949;
45.722;-70.367;
45.994;-70.785;
46.266;-71.202;
46.538;-71.62;
46.81;-72.038;
47.082;-72.456;
47.354;-72.873;
47.626;-73.29;
47.898;-73.707;
48.17;-74.124;
48.442;-74.541;
48.715;-74.957;
48.987;-75.374;
49.26;-75.79;
49.532;-76.205;
49.805;-76.621;
50.078;-77.036;
50.351;-77.452;
50.624;-77.867;
50.896;-78.282;
51.169;-78.696;
51.441;-79.111;
51.713;-79.526;
51.986;-79.94;
52.258;-80.354;
52.53;-80.768;
52.802;-81.182;
53.073;-81.596;
53.345;-82.009;
53.617;-82.423;
53.888;-82.836;
54.159;-83.249;
54.43;-83.662;
54.701;-84.074;
54.972;-84.487;
55.242;-84.899;
55.513;-85.311;
55.783;-85.724;
56.053;-86.136;
56.323;-86.548;
56.592;-86.959;
56.861;-87.371;
57.131;-87.783;
57.399;-88.194;
57.668;-88.606;
57.937;-89.018;
58.205;-89.43;
58.473;-89.841;
58.742;-90.253;
59.01;-90.665;
59.277;-91.078;
59.545;-91.49;
59.813;-91.903;
60.08;-92.316;
60.347;-92.73;
60.615;-93.144;
60.881;-93.558;
61.148;-93.973;
61.414;-94.389;
61.68;-94.805;
61.945;-95.222;
62.21;-95.641;
62.474;-96.06;
62.737;-96.48;
63;-96.901;
63.261;-97.324;
63.522;-97.748;
63.782;-98.173;
64.04;-98.6;
64.297;-99.028;
64.553;-99.459;
64.807;-99.891;
65.06;-100.32;
65.31;-100.76;
65.559;-101.2;
65.805;-101.64;
66.049;-102.08;
66.291;-102.53;
66.53;-102.98;
66.766;-103.43;
66.999;-103.88;
67.229;-104.34;
67.455;-104.79;
67.679;-105.26;
67.9;-105.72;
68.118;-106.19;
68.332;-106.66;
68.544;-107.13;
68.752;-107.61;
68.957;-108.08;
69.16;-108.56;
69.359;-109.05;
69.555;-109.53;
69.748;-110.02;
69.937;-110.51;
70.123;-111.01;
70.305;-111.5;
70.483;-112;
70.658;-112.5;
70.828;-113.01;
70.993;-113.51;
71.155;-114.02;
71.313;-114.53;
71.466;-115.04;
71.616;-115.56;
71.76;-116.08;
71.901;-116.59;
72.037;-117.11;
72.169;-117.64;
72.296;-118.16;
72.419;-118.69;
72.536;-119.22;
72.648;-119.74;
72.755;-120.28;
72.855;-120.81;
72.95;-121.34;
73.04;-121.88;
73.124;-122.41;
73.203;-122.95;
73.277;-123.49;
73.346;-124.03;
73.41;-124.56;
73.468;-125.11;
73.522;-125.65;
73.571;-126.19;
73.615;-126.73;
73.653;-127.27;
73.687;-127.81;
73.716;-128.35;
73.74;-128.9;
73.76;-129.44;
73.774;-129.98;
73.784;-130.52;
73.789;-131.06;
73.788;-131.6;
73.783;-132.14;
73.773;-132.67;
73.758;-133.21;
73.738;-133.74;
73.714;-134.28;
73.685;-134.81;
73.651;-135.34;
73.613;-135.87;
73.571;-136.4;
73.524;-136.93;
73.473;-137.45;
73.418;-137.98;
73.359;-138.5;
73.296;-139.02;
73.229;-139.54;
73.158;-140.06;
73.083;-140.57;
73.004;-141.09;
72.921;-141.6;
72.834;-142.11;
72.743;-142.63;
72.648;-143.13;
72.55;-143.64;
72.447;-144.15;
72.342;-144.65;
72.233;-145.15;
72.121;-145.66;
72.007;-146.16;
71.89;-146.65;
71.772;-147.15;
71.652;-147.65;
71.53;-148.14;
71.408;-148.64;
71.285;-149.13;
71.162;-149.62;
71.038;-150.11;
70.914;-150.61;
70.79;-151.1;
70.666;-151.59;
70.542;-152.07;
70.417;-152.56;
70.293;-153.05;
70.168;-153.54;
70.042;-154.03;
69.917;-154.51;
69.791;-155;
69.665;-155.48;
69.538;-155.97;
69.412;-156.45;
69.285;-156.94;
69.157;-157.42;
69.029;-157.91;
68.901;-158.39;
68.773;-158.87;
68.644;-159.36;
68.514;-159.84;
68.385;-160.32;
68.254;-160.8;
68.124;-161.29;
67.993;-161.77;
67.862;-162.25;
67.73;-162.73;
67.599;-163.21;
67.467;-163.69;
67.336;-164.18;
67.205;-164.66;
67.074;-165.14;
66.943;-165.62;
66.812;-166.1;
66.681;-166.58;
66.55;-167.07;
66.42;-167.55;
66.29;-168.03;
66.159;-168.51;
66.029;-168.99;
65.899;-169.48;
65.768;-169.96;
65.638;-170.44;
65.508;-170.92;
65.377;-171.4;
65.247;-171.89;
65.116;-172.37;
64.986;-172.85;
64.855;-173.33;
64.725;-173.82;
64.594;-174.3;
64.464;-174.78;
64.333;-175.26;
64.203;-175.74;
64.072;-176.23;
63.942;-176.71;
63.811;-177.19;
63.681;-177.67;
63.55;-178.16;
63.419;-178.64;
63.289;-179.12;
63.158;-179.6;
63.028;-180.09;
62.898;-180.57;
62.768;-181.05;
62.638;-181.53;
62.509;-182.02;
62.381;-182.5;
62.252;-182.98;
62.124;-183.46;
61.996;-183.95;
61.869;-184.43;
61.742;-184.92;
61.615;-185.4;
61.489;-185.88;
61.362;-186.37;
61.236;-186.85;
61.109;-187.33;
60.983;-187.82;
60.857;-188.3;
60.731;-188.78;
60.605;-189.27;
60.479;-189.75;
60.353;-190.24;
60.227;-190.72;
60.102;-191.2;
59.977;-191.69;
59.852;-192.17;
59.726;-192.66;
59.601;-193.14;
59.476;-193.62;
59.351;-194.11;
59.226;-194.59;
59.101;-195.07;
58.975;-195.56;
58.85;-196.04;
58.724;-196.53;
58.598;-197.01;
58.472;-197.49;
58.345;-197.98;
58.219;-198.46;
58.092;-198.94;
57.965;-199.43;
57.838;-199.91;
57.711;-200.4;
57.584;-200.88;
57.457;-201.36;
57.33;-201.85;
57.203;-202.33;
57.076;-202.81;
56.949;-203.3;
56.822;-203.78;
56.696;-204.26;
56.569;-204.75;
56.442;-205.23;
56.316;-205.71;
56.189;-206.2;
56.062;-206.68;
55.936;-207.16;
55.809;-207.65;
55.682;-208.13;
55.555;-208.61;
55.428;-209.1;
55.301;-209.58;
55.175;-210.06;
55.048;-210.55;
54.921;-211.03;
54.794;-211.51;
54.668;-212;
54.541;-212.48;
54.414;-212.96;
54.288;-213.45;
54.161;-213.93;
54.034;-214.41;
53.908;-214.89;
53.781;-215.38;
53.655;-215.86;
53.529;-216.34;
53.403;-216.83;
53.277;-217.31;
53.152;-217.79;
53.028;-218.27;
52.903;-218.76;
52.779;-219.24;
52.655;-219.72;
52.532;-220.21;
52.408;-220.69;
52.285;-221.17;
52.162;-221.65;
52.038;-222.14;
51.914;-222.62;
51.791;-223.1;
51.667;-223.58;
51.542;-224.07;
51.418;-224.55;
51.293;-225.03;
51.169;-225.51;
51.044;-226;
50.919;-226.48;
50.794;-226.96;
50.669;-227.44;
50.544;-227.93;
50.419;-228.41;
50.294;-228.89;
50.168;-229.37;
50.043;-229.86;
49.917;-230.34;
49.791;-230.82;
49.666;-231.31;
49.54;-231.79;
49.415;-232.28;
49.289;-232.76;
49.164;-233.25;
49.038;-233.74;
48.913;-234.22;
48.789;-234.71;
48.664;-235.2;
48.54;-235.69;
48.416;-236.18;
48.292;-236.68;
48.169;-237.17;
48.046;-237.66;
47.924;-238.16;
47.801;-238.66;
47.68;-239.16;
47.559;-239.66;
47.44;-240.17;
47.321;-240.68;
47.204;-241.19;
47.089;-241.7;
46.977;-242.22;
46.867;-242.73;
46.761;-243.26;
46.659;-243.78;
46.56;-244.31;
46.466;-244.84;
46.375;-245.37;
46.289;-245.91;
46.208;-246.45;
46.131;-246.99;
46.059;-247.54;
45.992;-248.08;
45.93;-248.63;
45.873;-249.18;
45.823;-249.74;
45.778;-250.29;
45.741;-250.85;
45.711;-251.4;
45.688;-251.96;
45.674;-252.52;
45.669;-253.08;
45.673;-253.64;
45.688;-254.19;
45.714;-254.75;
45.752;-255.31;
45.801;-255.86;
45.861;-256.41;
45.934;-256.96;
46.017;-257.51;
46.112;-258.05;
46.219;-258.59;
46.336;-259.13;
46.464;-259.66;
46.603;-260.19;
46.751;-260.72;
46.908;-261.24;
47.074;-261.76;
47.248;-262.27;
47.428;-262.78;
47.615;-263.28;
47.807;-263.78;
48.005;-264.28;
48.206;-264.77;
48.41;-265.26;
48.618;-265.74;
48.827;-266.23;
49.037;-266.71;
49.249;-267.18;
49.461;-267.66;
49.672;-268.13;
49.884;-268.6;
50.095;-269.07;
50.306;-269.54;
50.516;-270;
50.725;-270.46;
50.933;-270.92;
51.14;-271.39;
51.346;-271.84;
51.551;-272.3;
51.756;-272.76;
51.96;-273.22;
52.163;-273.67;
52.366;-274.13;
52.568;-274.58;
52.77;-275.03;
52.971;-275.48;
53.172;-275.94;
53.373;-276.39;
53.574;-276.84;
53.774;-277.29;
53.974;-277.74;
54.174;-278.19;
54.375;-278.64;
54.574;-279.09;
54.774;-279.54;
54.974;-279.99;
55.174;-280.44;
55.373;-280.89;
55.573;-281.34;
55.773;-281.79;
55.973;-282.24;
56.172;-282.69;
56.372;-283.14;
56.572;-283.59;
56.772;-284.04;
56.972;-284.49;
57.172;-284.94;
57.373;-285.4;
57.573;-285.85;
57.773;-286.3;
57.974;-286.75;
58.175;-287.21;
58.376;-287.66;
58.578;-288.12;
58.779;-288.57;
58.981;-289.03;
59.184;-289.48;
59.386;-289.94;
59.589;-290.4;
59.792;-290.86;
59.995;-291.32;
60.197;-291.78;
60.399;-292.24;
60.601;-292.71;
60.801;-293.17;
61;-293.64;
61.197;-294.11;
61.392;-294.58;
61.584;-295.06;
61.775;-295.53;
61.962;-296.01;
62.146;-296.49;
62.327;-296.98;
62.505;-297.46;
62.678;-297.95;
62.848;-298.44;
63.013;-298.94;
63.173;-299.44;
63.329;-299.94;
63.479;-300.44;
63.624;-300.94;
63.763;-301.45;
63.897;-301.97;
64.025;-302.48;
64.147;-303;
64.264;-303.52;
64.374;-304.04;
64.478;-304.56;
64.576;-305.09;
64.668;-305.62;
64.754;-306.15;
64.834;-306.69;
64.907;-307.22;
64.974;-307.76;
65.035;-308.3;
65.089;-308.84;
65.136;-309.39;
65.177;-309.93;
65.211;-310.47;
65.24;-311.02;
65.261;-311.57;
65.276;-312.11;
65.285;-312.66;
65.287;-313.21;
65.283;-313.76;
65.273;-314.3;
65.257;-314.85;
65.235;-315.4;
65.207;-315.94;
65.173;-316.49;
65.134;-317.04;
65.089;-317.58;
65.038;-318.13;
64.982;-318.67;
64.921;-319.22;
64.853;-319.76;
64.78;-320.3;
64.701;-320.84;
64.616;-321.38;
64.525;-321.92;
64.428;-322.46;
64.325;-322.99;
64.216;-323.53;
64.101;-324.06;
63.981;-324.59;
63.855;-325.12;
63.723;-325.65;
63.585;-326.18;
63.442;-326.71;
63.294;-327.23;
63.14;-327.75;
62.981;-328.27;
62.817;-328.79;
62.647;-329.31;
62.473;-329.82;
62.293;-330.34;
62.109;-330.85;
61.92;-331.36;
61.725;-331.87;
61.526;-332.37;
61.321;-332.88;
61.111;-333.38;
60.896;-333.88;
60.676;-334.38;
60.45;-334.88;
60.219;-335.37;
59.984;-335.86;
59.743;-336.35;
59.497;-336.84;
59.247;-337.32;
58.992;-337.8;
58.732;-338.28;
58.468;-338.76;
58.199;-339.23;
57.925;-339.7;
57.646;-340.17;
57.362;-340.63;
57.074;-341.1;
56.782;-341.55;
56.484;-342.01;
56.183;-342.46;
55.876;-342.91;
55.566;-343.36;
55.251;-343.81;
54.931;-344.25;
54.607;-344.68;
54.278;-345.12;
53.945;-345.55;
53.607;-345.97;
53.264;-346.4;
52.916;-346.82;
52.564;-347.23;
52.207;-347.64;
51.846;-348.05;
51.48;-348.45;
51.109;-348.85;
50.734;-349.25;
50.355;-349.64;
49.971;-350.02;
49.583;-350.41;
49.191;-350.78;
48.795;-351.16;
48.394;-351.53;
47.989;-351.89;
47.58;-352.25;
47.167;-352.61;
46.751;-352.96;
46.331;-353.3;
45.908;-353.65;
45.482;-353.99;
45.052;-354.32;
44.619;-354.65;
44.183;-354.98;
43.744;-355.31;
43.302;-355.63;
42.857;-355.94;
42.409;-356.25;
41.958;-356.56;
41.505;-356.86;
41.048;-357.16;
40.588;-357.45;
40.125;-357.74;
39.66;-358.03;
39.191;-358.31;
38.72;-358.58;
38.246;-358.85;
37.769;-359.12;
37.29;-359.38;
36.807;-359.64;
36.322;-359.89;
35.834;-360.13;
35.344;-360.37;
34.85;-360.61;
34.355;-360.83;
33.857;-361.06;
33.356;-361.27;
32.854;-361.48;
32.35;-361.69;
31.843;-361.89;
31.335;-362.08;
30.825;-362.27;
30.313;-362.45;
29.8;-362.63;
29.285;-362.8;
28.769;-362.96;
28.252;-363.12;
27.733;-363.27;
27.213;-363.42;
26.692;-363.56;
26.17;-363.69;
25.648;-363.82;
25.124;-363.94;
24.599;-364.05;
24.074;-364.16;
23.548;-364.27;
23.021;-364.36;
22.493;-364.45;
21.966;-364.54;
21.438;-364.62;
20.909;-364.69;
20.381;-364.75;
19.852;-364.81;
19.324;-364.86;
18.796;-364.91;
18.269;-364.95;
17.741;-364.99;
17.215;-365.02;
16.688;-365.05;
16.163;-365.07;
15.638;-365.09;
15.115;-365.1;
14.592;-365.11;
14.07;-365.12;
13.549;-365.12;
13.028;-365.13;
12.509;-365.12;
11.991;-365.12;
11.474;-365.11;
10.957;-365.1;
10.442;-365.09;
9.9276;-365.07;
9.4141;-365.05;
8.9017;-365.03;
8.3904;-365;
7.8801;-364.98;
7.371;-364.94;
6.8629;-364.91;
6.3561;-364.87;
5.8505;-364.82;
5.346;-364.77;
4.8429;-364.72;
4.341;-364.66;
3.8403;-364.6;
3.341;-364.54;
2.8429;-364.47;
2.3461;-364.39;
1.8506;-364.32;
1.3564;-364.23;
0.86343;-364.15;
0.37173;-364.06;
-0.11874;-363.97;
-0.60801;-363.87;
-1.0961;-363.77;
-1.5831;-363.67;
-2.0689;-363.56;
-2.5537;-363.46;
-3.0374;-363.35;
-3.5202;-363.23;
-4.002;-363.12;
-4.483;-363;
-4.9631;-362.88;
-5.4424;-362.76;
-5.921;-362.64;
-6.3989;-362.51;
-6.8762;-362.39;
-7.353;-362.26;
-7.8292;-362.13;
-8.305;-362;
-8.7803;-361.87;
-9.2553;-361.74;
-9.73;-361.61;
-10.204;-361.47;
-10.679;-361.34;
-11.153;-361.2;
-11.627;-361.07;
-12.101;-360.93;
-12.575;-360.79;
-13.049;-360.66;
-13.523;-360.52;
-13.998;-360.38;
-14.472;-360.24;
-14.947;-360.1;
-15.422;-359.96;
-15.898;-359.82;
-16.374;-359.68;
-16.85;-359.54;
-17.327;-359.4;
-17.805;-359.27;
-18.283;-359.13;
-18.761;-358.99;
-19.241;-358.86;
-19.721;-358.72;
-20.202;-358.59;
-20.683;-358.46;
-21.165;-358.32;
-21.649;-358.19;
-22.132;-358.07;
-22.617;-357.94;
-23.102;-357.81;
-23.588;-357.69;
-24.074;-357.56;
-24.562;-357.44;
-25.05;-357.32;
-25.538;-357.2;
-26.027;-357.07;
-26.517;-356.96;
-27.007;-356.84;
-27.498;-356.72;
-27.989;-356.6;
-28.481;-356.49;
-28.974;-356.37;
-29.467;-356.26;
-29.961;-356.15;
-30.456;-356.04;
-30.951;-355.93;
-31.446;-355.82;
-31.942;-355.71;
-32.438;-355.6;
-32.935;-355.49;
-33.432;-355.39;
-33.929;-355.28;
-34.427;-355.18;
-34.924;-355.08;
-35.423;-354.98;
-35.921;-354.87;
-36.42;-354.77;
-36.919;-354.68;
-37.418;-354.58;
-37.918;-354.48;
-38.418;-354.39;
-38.918;-354.29;
-39.419;-354.2;
-39.92;-354.1;
-40.421;-354.01;
-40.922;-353.92;
-41.424;-353.83;
-41.926;-353.74;
-42.429;-353.65;
-42.932;-353.57;
-43.435;-353.48;
-43.938;-353.4;
-44.442;-353.31;
-44.946;-353.23;
-45.451;-353.15;
-45.956;-353.07;
-46.461;-352.99;
-46.967;-352.92;
-47.473;-352.84;
-47.98;-352.77;
-48.487;-352.7;
-48.994;-352.62;
-49.502;-352.56;
-50.011;-352.49;
-50.52;-352.42;
-51.029;-352.35;
-51.539;-352.29;
-52.049;-352.23;
-52.56;-352.17;
-53.071;-352.11;
-53.582;-352.05;
-54.094;-351.99;
-54.607;-351.93;
-55.12;-351.88;
-55.633;-351.83;
-56.146;-351.77;
-56.66;-351.72;
-57.175;-351.68;
-57.689;-351.63;
-58.204;-351.59;
-58.719;-351.54;
-59.235;-351.5;
-59.75;-351.46;
-60.266;-351.43;
-60.782;-351.39;
-61.298;-351.36;
-61.815;-351.33;
-62.331;-351.3;
-62.848;-351.27;
-63.365;-351.25;
-63.882;-351.22;
-64.399;-351.2;
-64.916;-351.18;
-65.433;-351.17;
-65.95;-351.16;
-66.468;-351.15;
-66.985;-351.14;
-67.503;-351.13;
-68.02;-351.13;
-68.538;-351.13;
-69.056;-351.14;
-69.574;-351.15;
-70.092;-351.16;
-70.61;-351.17;
-71.128;-351.19;
-71.646;-351.21;
-72.164;-351.23;
-72.683;-351.25;
-73.201;-351.28;
-73.719;-351.31;
-74.237;-351.35;
-74.755;-351.38;
-75.273;-351.42;
-75.791;-351.46;
-76.309;-351.51;
-76.826;-351.55;
-77.344;-351.6;
-77.862;-351.64;
-78.379;-351.69;
-78.897;-351.75;
-79.414;-351.8;
-79.931;-351.86;
-80.449;-351.91;
-80.966;-351.97;
-81.483;-352.03;
-81.999;-352.09;
-82.516;-352.16;
-83.033;-352.22;
-83.549;-352.29;
-84.065;-352.36;
-84.582;-352.43;
-85.098;-352.5;
-85.614;-352.57;
-86.13;-352.65;
-86.646;-352.73;
-87.162;-352.81;
-87.677;-352.89;
-88.192;-352.98;
-88.707;-353.07;
-89.222;-353.16;
-89.736;-353.26;
-90.25;-353.36;
-90.764;-353.46;
-91.277;-353.56;
-91.79;-353.67;
-92.302;-353.78;
-92.814;-353.9;
-93.325;-354.02;
-93.836;-354.14;
-94.347;-354.26;
-94.857;-354.39;
-95.367;-354.52;
-95.876;-354.65;
-96.385;-354.79;
-96.893;-354.93;
-97.401;-355.07;
-97.908;-355.22;
-98.414;-355.37;
-98.92;-355.52;
-99.425;-355.68;
-99.93;-355.83;
-100.43;-356;
-100.94;-356.16;
-101.44;-356.33;
-101.94;-356.51;
-102.44;-356.69;
-102.94;-356.87;
-103.43;-357.05;
-103.93;-357.24;
-104.42;-357.44;
-104.91;-357.64;
-105.4;-357.84;
-105.89;-358.04;
-106.38;-358.25;
-106.86;-358.47;
-107.35;-358.68;
-107.83;-358.9;
-108.31;-359.13;
-108.79;-359.35;
-109.27;-359.59;
-109.74;-359.82;
-110.22;-360.06;
-110.69;-360.3;
-111.16;-360.54;
-111.63;-360.79;
-112.1;-361.04;
-112.56;-361.29;
-113.02;-361.55;
-113.48;-361.81;
-113.94;-362.08;
-114.4;-362.34;
-114.85;-362.61;
-115.31;-362.89;
-115.76;-363.17;
-116.2;-363.45;
-116.65;-363.73;
-117.09;-364.02;
-117.53;-364.31;
-117.97;-364.6;
-118.41;-364.9;
-118.84;-365.2;
-119.27;-365.5;
-119.7;-365.81;
-120.13;-366.11;
-120.55;-366.43;
-120.98;-366.74;
-121.4;-367.05;
-121.82;-367.37;
-122.23;-367.69;
-122.65;-368.02;
-123.06;-368.35;
-123.47;-368.68;
-123.88;-369.01;
-124.28;-369.34;
-124.69;-369.68;
-125.09;-370.02;
-125.49;-370.36;
-125.89;-370.71;
-126.28;-371.05;
-126.67;-371.4;
-127.07;-371.76;
-127.45;-372.11;
-127.84;-372.47;
-128.22;-372.83;
-128.61;-373.19;
-128.99;-373.56;
-129.36;-373.93;
-129.74;-374.3;
-130.11;-374.67;
-130.49;-375.04;
-130.86;-375.42;
-131.22;-375.8;
-131.59;-376.18;
-131.95;-376.57;
-132.32;-376.96;
-132.68;-377.35;
-133.04;-377.74;
-133.39;-378.13;
-133.75;-378.53;
-134.1;-378.93;
-134.45;-379.33;
-134.79;-379.74;
-135.14;-380.14;
-135.48;-380.55;
-135.82;-380.97;
-136.15;-381.38;
-136.49;-381.8;
-136.82;-382.23;
-137.14;-382.65;
-137.46;-383.08;
-137.78;-383.51;
-138.1;-383.95;
-138.41;-384.39;
-138.72;-384.83;
-139.03;-385.27;
-139.33;-385.72;
-139.62;-386.17;
-139.91;-386.63;
-140.2;-387.08;
-140.48;-387.55;
-140.76;-388.01;
-141.03;-388.48;
-141.3;-388.95;
-141.56;-389.43;
-141.82;-389.91;
-142.07;-390.39;
-142.32;-390.87;
-142.56;-391.36;
-142.8;-391.85;
-143.03;-392.34;
-143.26;-392.84;
-143.48;-393.33;
-143.69;-393.84;
-143.9;-394.34;
-144.1;-394.84;
-144.3;-395.35;
-144.49;-395.86;
-144.68;-396.37;
-144.86;-396.89;
-145.04;-397.41;
-145.21;-397.92;
-145.38;-398.44;
-145.54;-398.97;
-145.69;-399.49;
-145.84;-400.01;
-145.98;-400.54;
-146.12;-401.07;
-146.25;-401.6;
-146.38;-402.13;
-146.5;-402.66;
-146.61;-403.19;
-146.72;-403.73;
-146.83;-404.26;
-146.93;-404.8;
-147.02;-405.33;
-147.11;-405.87;
-147.2;-406.41;
-147.28;-406.94;
-147.35;-407.48;
-147.42;-408.02;
-147.48;-408.56;
-147.54;-409.1;
-147.6;-409.64;
-147.64;-410.18;
-147.68;-410.72;
-147.72;-411.26;
-147.75;-411.8;
-147.78;-412.34;
-147.8;-412.88;
-147.81;-413.42;
-147.82;-413.96;
-147.83;-414.5;
-147.82;-415.04;
-147.81;-415.58;
-147.8;-416.12;
-147.78;-416.66;
-147.75;-417.2;
-147.72;-417.73;
-147.68;-418.27;
-147.64;-418.81;
-147.59;-419.34;
-147.53;-419.88;
-147.47;-420.41;
-147.4;-420.94;
-147.33;-421.48;
-147.25;-422.01;
-147.17;-422.54;
-147.07;-423.06;
-146.98;-423.59;
-146.88;-424.12;
-146.77;-424.64;
-146.66;-425.17;
-146.54;-425.69;
-146.42;-426.21;
-146.3;-426.73;
-146.17;-427.25;
-146.03;-427.76;
-145.89;-428.28;
-145.75;-428.79;
-145.6;-429.31;
-145.45;-429.82;
-145.29;-430.33;
-145.13;-430.83;
-144.97;-431.34;
-144.8;-431.85;
-144.62;-432.35;
-144.44;-432.85;
-144.26;-433.35;
-144.08;-433.85;
-143.89;-434.35;
-143.69;-434.85;
-143.49;-435.34;
-143.29;-435.83;
-143.08;-436.32;
-142.87;-436.81;
-142.65;-437.3;
-142.43;-437.79;
-142.21;-438.27;
-141.98;-438.76;
-141.74;-439.24;
-141.51;-439.72;
-141.26;-440.19;
-141.02;-440.67;
-140.76;-441.14;
-140.51;-441.62;
-140.25;-442.09;
-139.98;-442.56;
-139.71;-443.02;
-139.44;-443.49;
-139.16;-443.95;
-138.87;-444.42;
-138.58;-444.87;
-138.29;-445.33;
-137.99;-445.79;
-137.68;-446.24;
-137.37;-446.69;
-137.06;-447.14;
-136.74;-447.58;
-136.42;-448.02;
-136.09;-448.46;
-135.75;-448.9;
-135.41;-449.33;
-135.07;-449.76;
-134.71;-450.18;
-134.36;-450.6;
-133.99;-451.02;
-133.63;-451.43;
-133.25;-451.84;
-132.87;-452.24;
-132.49;-452.64;
-132.1;-453.04;
-131.7;-453.43;
-131.3;-453.82;
-130.88;-454.2;
-130.47;-454.57;
-130.04;-454.94;
-129.61;-455.29;
-129.18;-455.65;
-128.73;-455.99;
-128.28;-456.33;
-127.83;-456.66;
-127.36;-456.98;
-126.89;-457.29;
-126.42;-457.59;
-125.94;-457.89;
-125.46;-458.18;
-124.97;-458.47;
-124.48;-458.75;
-123.99;-459.02;
-123.49;-459.28;
-122.99;-459.54;
-122.48;-459.79;
-121.97;-460.04;
-121.46;-460.28;
-120.95;-460.51;
-120.44;-460.73;
-119.92;-460.95;
-119.4;-461.17;
-118.88;-461.37;
-118.36;-461.57;
-117.83;-461.75;
-117.3;-461.93;
-116.77;-462.1;
-116.23;-462.27;
-115.7;-462.42;
-115.16;-462.56;
-114.63;-462.7;
-114.09;-462.83;
-113.55;-462.95;
-113.01;-463.06;
-112.48;-463.16;
-111.94;-463.26;
-111.4;-463.34;
-110.86;-463.42;
-110.32;-463.49;
-109.78;-463.55;
-109.24;-463.6;
-108.71;-463.64;
-108.17;-463.68;
-107.64;-463.71;
-107.1;-463.73;
-106.57;-463.74;
-106.04;-463.75;
-105.51;-463.76;
-104.98;-463.75;
-104.45;-463.75;
-103.92;-463.74;
-103.4;-463.72;
-102.88;-463.7;
-102.35;-463.68;
-101.83;-463.65;
-101.31;-463.62;
-100.8;-463.58;
-100.28;-463.53;
-99.766;-463.49;
-99.253;-463.43;
-98.742;-463.37;
-98.232;-463.31;
-97.724;-463.24;
-97.218;-463.17;
-96.713;-463.09;
-96.209;-463.01;
-95.707;-462.93;
-95.206;-462.85;
-94.706;-462.76;
-94.207;-462.68;
-93.709;-462.59;
-93.211;-462.5;
-92.715;-462.41;
-92.219;-462.32;
-91.723;-462.24;
-91.228;-462.15;
-90.733;-462.06;
-90.239;-461.97;
-89.745;-461.88;
-89.252;-461.79;
-88.759;-461.71;
-88.266;-461.62;
-87.773;-461.53;
-87.281;-461.44;
-86.789;-461.34;
-86.298;-461.25;
-85.807;-461.16;
-85.316;-461.07;
-84.825;-460.97;
-84.334;-460.88;
-83.844;-460.79;
-83.354;-460.7;
-82.863;-460.6;
-82.373;-460.51;
-81.883;-460.42;
-81.393;-460.33;
-80.902;-460.23;
-80.412;-460.14;
-79.922;-460.05;
-79.431;-459.96;
-78.941;-459.87;
-78.451;-459.78;
-77.96;-459.69;
-77.47;-459.6;
-76.979;-459.51;
-76.488;-459.42;
-75.998;-459.33;
-75.507;-459.24;
-75.017;-459.15;
-74.526;-459.06;
-74.036;-458.97;
-73.545;-458.88;
-73.055;-458.78;
-72.564;-458.69;
-72.074;-458.6;
-71.583;-458.51;
-71.093;-458.42;
-70.602;-458.33;
-70.112;-458.25;
-69.621;-458.16;
-69.13;-458.07;
-68.639;-457.98;
-68.148;-457.89;
-67.657;-457.8;
-67.166;-457.71;
-66.675;-457.62;
-66.184;-457.53;
-65.692;-457.44;
-65.201;-457.36;
-64.709;-457.27;
-64.217;-457.18;
-63.725;-457.09;
-63.233;-457;
-62.74;-456.92;
-62.248;-456.83;
-61.755;-456.74;
-61.261;-456.66;
-60.767;-456.57;
-60.273;-456.48;
-59.778;-456.4;
-59.283;-456.31;
-58.787;-456.23;
-58.29;-456.14;
-57.793;-456.06;
-57.294;-455.98;
-56.795;-455.9;
-56.294;-455.82;
-55.793;-455.74;
-55.29;-455.66;
-54.785;-455.59;
-54.279;-455.52;
-53.772;-455.45;
-53.262;-455.38;
-52.751;-455.31;
-52.237;-455.25;
-51.722;-455.19;
-51.203;-455.13;
-50.682;-455.07;
-50.159;-455.02;
-49.632;-454.97;
-49.102;-454.92;
-48.568;-454.88;
-48.031;-454.84;
-47.49;-454.8;
-46.945;-454.77;
-46.396;-454.74;
-45.843;-454.72;
-45.285;-454.7;
-44.723;-454.69;
-44.156;-454.68;
-43.585;-454.68;
-43.009;-454.68;
-42.428;-454.7;
-41.843;-454.72;
-41.254;-454.75;
-40.662;-454.78;
-40.066;-454.83;
-39.468;-454.89;
-38.867;-454.96;
-38.264;-455.04;
-37.66;-455.14;
-37.056;-455.24;
-36.451;-455.37;
-35.848;-455.51;
-35.247;-455.66;
-34.648;-455.83;
-34.054;-456.02;
-33.464;-456.23;
-32.881;-456.46;
-32.305;-456.71;
-31.738;-456.98;
-31.181;-457.27;
-30.634;-457.57;
-30.097;-457.9;
-29.574;-458.24;
-29.063;-458.6;
-28.564;-458.97;
-28.078;-459.36;
-27.606;-459.76;
-27.147;-460.17;
-26.701;-460.6;
-26.266;-461.03;
-25.844;-461.47;
-25.434;-461.91;
-25.033;-462.36;
-24.642;-462.82;
-24.259;-463.28;
-23.885;-463.74;
-23.519;-464.2;
-23.159;-464.66;
-22.806;-465.12;
-22.46;-465.59;
-22.12;-466.05;
-21.789;-466.52;
-21.465;-466.99;
-21.148;-467.46;
-20.839;-467.93;
-20.537;-468.4;
-20.242;-468.87;
-19.954;-469.35;
-19.672;-469.82;
-19.396;-470.3;
-19.127;-470.78;
-18.864;-471.25;
-18.607;-471.73;
-18.355;-472.21;
-18.109;-472.7;
-17.869;-473.18;
-17.634;-473.66;
-17.404;-474.15;
-17.18;-474.63;
-16.961;-475.12;
-16.747;-475.61;
-16.539;-476.1;
-16.337;-476.59;
-16.14;-477.08;
-15.949;-477.58;
-15.764;-478.07;
-15.586;-478.57;
-15.413;-479.07;
-15.247;-479.57;
-15.087;-480.08;
-14.934;-480.58;
-14.787;-481.09;
-14.647;-481.6;
-14.513;-482.11;
-14.387;-482.62;
-14.267;-483.13;
-14.153;-483.64;
-14.046;-484.16;
-13.946;-484.68;
-13.852;-485.19;
-13.764;-485.71;
-13.682;-486.23;
-13.606;-486.75;
-13.535;-487.27;
-13.469;-487.79;
-13.408;-488.31;
-13.351;-488.84;
-13.298;-489.36;
-13.25;-489.88;
-13.205;-490.41;
-13.164;-490.93;
-13.125;-491.46;
-13.09;-491.98;
-13.058;-492.51;
-13.028;-493.04;
-13.001;-493.56;
-12.977;-494.09;
-12.956;-494.62;
-12.937;-495.15;
-12.921;-495.68;
-12.908;-496.21;
-12.899;-496.75;
-12.894;-497.28;
-12.893;-497.82;
-12.898;-498.35;
-12.907;-498.89;
-12.922;-499.43;
-12.943;-499.97;
-12.971;-500.51;
-13.005;-501.06;
-13.045;-501.6;
-13.093;-502.14;
-13.15;-502.69;
-13.215;-503.23;
-13.289;-503.78;
-13.372;-504.32;
-13.465;-504.86;
-13.568;-505.41;
-13.682;-505.95;
-13.805;-506.49;
-13.94;-507.03;
-14.085;-507.56;
-14.242;-508.1;
-14.41;-508.63;
-14.589;-509.15;
-14.78;-509.68;
-14.983;-510.2;
-15.197;-510.71;
-15.423;-511.22;
-15.661;-511.73;
-15.911;-512.23;
-16.174;-512.72;
-16.447;-513.2;
-16.733;-513.68;
-17.029;-514.15;
-17.336;-514.61;
-17.653;-515.07;
-17.981;-515.51;
-18.318;-515.95;
-18.664;-516.37;
-19.02;-516.79;
-19.384;-517.2;
-19.755;-517.59;
-20.134;-517.98;
-20.518;-518.36;
-20.909;-518.72;
-21.304;-519.08;
-21.703;-519.44;
-22.105;-519.78;
-22.511;-520.12;
-22.919;-520.45;
-23.329;-520.78;
-23.742;-521.09;
-24.156;-521.41;
-24.572;-521.71;
-24.99;-522.01;
-25.411;-522.31;
-25.833;-522.6;
-26.257;-522.88;
-26.684;-523.16;
-27.114;-523.42;
-27.546;-523.69;
-27.979;-523.94;
-28.415;-524.19;
-28.853;-524.43;
-29.292;-524.67;
-29.733;-524.9;
-30.175;-525.13;
-30.618;-525.35;
-31.063;-525.56;
-31.509;-525.77;
-31.956;-525.98;
-32.405;-526.18;
-32.854;-526.37;
-33.304;-526.56;
-33.756;-526.75;
-34.208;-526.93;
-34.66;-527.12;
-35.114;-527.29;
-35.568;-527.47;
-36.022;-527.64;
-36.478;-527.81;
-36.934;-527.97;
-37.39;-528.13;
-37.848;-528.29;
-38.306;-528.45;
-38.765;-528.6;
-39.224;-528.75;
-39.685;-528.9;
-40.146;-529.04;
-40.609;-529.18;
-41.072;-529.32;
-41.536;-529.45;
-42.001;-529.58;
-42.466;-529.71;
-42.933;-529.84;
-43.4;-529.96;
-43.869;-530.08;
-44.338;-530.2;
-44.808;-530.31;
-45.279;-530.42;
-45.751;-530.53;
-46.223;-530.64;
-46.697;-530.74;
-47.171;-530.84;
-47.645;-530.94;
-48.121;-531.04;
-48.597;-531.14;
-49.073;-531.23;
-49.55;-531.32;
-50.027;-531.41;
-50.505;-531.5;
-50.983;-531.59;
-51.462;-531.68;
-51.941;-531.76;
-52.42;-531.85;
-52.9;-531.93;
-53.38;-532.01;
-53.86;-532.1;
-54.341;-532.18;
-54.822;-532.26;
-55.303;-532.34;
-55.785;-532.42;
-56.266;-532.5;
-56.749;-532.58;
-57.231;-532.66;
-57.714;-532.74;
-58.197;-532.82;
-58.681;-532.9;
-59.165;-532.97;
-59.649;-533.05;
-60.134;-533.12;
-60.619;-533.2;
-61.104;-533.27;
-61.589;-533.34;
-62.075;-533.41;
-62.561;-533.48;
-63.046;-533.55;
-63.533;-533.62;
-64.019;-533.69;
-64.505;-533.76;
-64.992;-533.83;
-65.478;-533.89;
-65.965;-533.96;
-66.452;-534.02;
-66.939;-534.08;
-67.426;-534.15;
-67.912;-534.21;
-68.399;-534.27;
-68.886;-534.33;
-69.373;-534.38;
-69.86;-534.44;
-70.347;-534.5;
-70.833;-534.55;
-71.32;-534.61;
-71.807;-534.66;
-72.293;-534.71;
-72.78;-534.76;
-73.267;-534.81;
-73.754;-534.86;
-74.24;-534.9;
-74.727;-534.95;
-75.214;-534.99;
-75.701;-535.03;
-76.188;-535.07;
-76.675;-535.11;
-77.161;-535.15;
-77.648;-535.19;
-78.135;-535.22;
-78.622;-535.26;
-79.109;-535.29;
-79.596;-535.32;
-80.083;-535.35;
-80.57;-535.38;
-81.057;-535.4;
-81.544;-535.43;
-82.031;-535.45;
-82.518;-535.47;
-83.005;-535.49;
-83.493;-535.5;
-83.98;-535.52;
-84.468;-535.53;
-84.956;-535.54;
-85.443;-535.55;
-85.931;-535.56;
-86.419;-535.56;
-86.907;-535.57;
-87.395;-535.57;
-87.884;-535.57;
-88.372;-535.57;
-88.861;-535.56;
-89.349;-535.55;
-89.838;-535.55;
-90.327;-535.54;
-90.816;-535.52;
-91.305;-535.51;
-91.794;-535.49;
-92.284;-535.47;
-92.773;-535.45;
-93.263;-535.43;
-93.752;-535.4;
-94.242;-535.38;
-94.732;-535.34;
-95.222;-535.31;
-95.711;-535.27;
-96.201;-535.24;
-96.691;-535.19;
-97.181;-535.15;
-97.671;-535.1;
-98.161;-535.05;
-98.651;-535;
-99.141;-534.95;
-99.631;-534.89;
-100.12;-534.83;
-100.61;-534.77;
-101.1;-534.7;
-101.59;-534.64;
-102.08;-534.57;
-102.57;-534.49;
-103.06;-534.42;
-103.55;-534.34;
-104.03;-534.26;
-104.52;-534.18;
-105.01;-534.09;
-105.5;-534;
-105.99;-533.91;
-106.47;-533.82;
-106.96;-533.72;
-107.45;-533.63;
-107.93;-533.53;
-108.42;-533.42;
-108.91;-533.32;
-109.39;-533.21;
-109.88;-533.1;
-110.36;-532.99;
-110.85;-532.87;
-111.33;-532.75;
-111.81;-532.63;
-112.3;-532.51;
-112.78;-532.39;
-113.26;-532.26;
-113.75;-532.14;
-114.23;-532.01;
-114.71;-531.88;
-115.19;-531.74;
-115.67;-531.61;
-116.15;-531.47;
-116.64;-531.34;
-117.12;-531.2;
-117.6;-531.06;
-118.08;-530.92;
-118.55;-530.77;
-119.03;-530.63;
-119.51;-530.48;
-119.99;-530.33;
-120.47;-530.18;
-120.95;-530.03;
-121.42;-529.87;
-121.9;-529.72;
-122.38;-529.56;
-122.85;-529.4;
-123.33;-529.24;
-123.8;-529.08;
-124.28;-528.91;
-124.75;-528.74;
-125.22;-528.58;
-125.69;-528.41;
-126.17;-528.23;
-126.64;-528.06;
-127.11;-527.89;
-127.58;-527.71;
-128.05;-527.53;
-128.52;-527.35;
-128.99;-527.17;
-129.46;-526.99;
-129.93;-526.8;
-130.4;-526.62;
-130.86;-526.43;
-131.33;-526.24;
-131.8;-526.05;
-132.26;-525.86;
-132.73;-525.66;
-133.19;-525.47;
-133.66;-525.27;
-134.12;-525.07;
-134.59;-524.87;
-135.05;-524.67;
-135.51;-524.46;
-135.97;-524.26;
-136.43;-524.05;
-136.89;-523.84;
-137.35;-523.63;
-137.81;-523.42;
-138.27;-523.21;
-138.73;-522.99;
-139.19;-522.78;
-139.65;-522.56;
-140.11;-522.35;
-140.57;-522.13;
-141.02;-521.91;
-141.48;-521.68;
-141.94;-521.46;
-142.39;-521.23;
-142.85;-521;
-143.3;-520.77;
-143.75;-520.54;
-144.2;-520.31;
-144.65;-520.07;
-145.11;-519.83;
-145.56;-519.59;
-146;-519.35;
-146.45;-519.11;
-146.9;-518.86;
-147.35;-518.62;
-147.8;-518.37;
-148.24;-518.12;
-148.69;-517.87;
-149.13;-517.62;
-149.58;-517.36;
-150.02;-517.11;
-150.46;-516.85;
-150.91;-516.59;
-151.35;-516.33;
-151.79;-516.06;
-152.23;-515.8;
-152.67;-515.53;
-153.11;-515.26;
-153.54;-514.99;
-153.98;-514.72;
-154.42;-514.44;
-154.85;-514.16;
-155.28;-513.88;
-155.71;-513.6;
-156.15;-513.32;
-156.58;-513.03;
-157;-512.74;
-157.43;-512.45;
-157.86;-512.16;
-158.28;-511.87;
-158.71;-511.57;
-159.13;-511.27;
-159.55;-510.97;
-159.97;-510.67;
-160.39;-510.36;
-160.81;-510.06;
-161.22;-509.75;
-161.64;-509.44;
-162.05;-509.12;
-162.47;-508.81;
-162.88;-508.49;
-163.29;-508.17;
-163.69;-507.85;
-164.1;-507.53;
-164.51;-507.2;
-164.91;-506.87;
-165.31;-506.54;
-165.71;-506.21;
-166.11;-505.88;
-166.51;-505.54;
-166.91;-505.2;
-167.31;-504.86;
-167.7;-504.52;
-168.09;-504.17;
-168.48;-503.83;
-168.87;-503.48;
-169.26;-503.13;
-169.64;-502.78;
-170.02;-502.42;
-170.4;-502.07;
-170.78;-501.71;
-171.15;-501.35;
-171.53;-500.99;
-171.9;-500.63;
-172.26;-500.27;
-172.63;-499.9;
-172.99;-499.54;
-173.35;-499.17;
-173.7;-498.81;
-174.06;-498.44;
-174.41;-498.07;
-174.75;-497.71;
-175.1;-497.34;
-175.44;-496.97;
-175.77;-496.6;
-176.11;-496.24;
-176.44;-495.87;
-176.76;-495.5;
-177.08;-495.13;
-177.4;-494.77;
-177.72;-494.4;
-178.03;-494.02;
-178.33;-493.65;
-178.64;-493.27;
-178.94;-492.89;
-179.23;-492.51;
-179.52;-492.13;
-179.81;-491.74;
-180.1;-491.35;
-180.39;-490.95;
-180.67;-490.55;
-180.96;-490.15;
-181.24;-489.75;
-181.53;-489.34;
-181.81;-488.92;
-182.1;-488.5;
-182.39;-488.08;
-182.69;-487.66;
-182.98;-487.23;
-183.29;-486.8;
-183.6;-486.37;
-183.91;-485.94;
-184.23;-485.51;
-184.56;-485.07;
-184.9;-484.64;
-185.24;-484.21;
-185.6;-483.78;
-185.97;-483.37;
-186.35;-482.96;
-186.74;-482.57;
-187.15;-482.2;
-187.57;-481.86;
-188.01;-481.54;
-188.46;-481.24;
-188.92;-480.96;
-189.39;-480.71;
-189.87;-480.49;
-190.37;-480.29;
-190.87;-480.11;
-191.37;-479.96;
-191.89;-479.84;
-192.41;-479.73;
-192.93;-479.65;
-193.45;-479.59;
-193.98;-479.55;
-194.51;-479.53;
-195.04;-479.53;
-195.57;-479.55;
-196.1;-479.58;
-196.63;-479.62;
-197.15;-479.67;
-197.68;-479.74;
-198.21;-479.8;
-198.73;-479.88;
-199.25;-479.95;
-199.77;-480.02;
-200.29;-480.09;
-200.8;-480.16;
-201.32;-480.23;
-201.84;-480.29;
-202.35;-480.34;
-202.87;-480.38;
-203.39;-480.42;
-203.91;-480.45;
-204.43;-480.47;
-204.96;-480.48;
-205.49;-480.48;
-206.03;-480.47;
-206.57;-480.45;
-207.11;-480.41;
-207.65;-480.37;
-208.2;-480.3;
-208.75;-480.22;
-209.3;-480.13;
-209.86;-480.01;
-210.41;-479.88;
-210.97;-479.73;
-211.52;-479.56;
-212.07;-479.37;
-212.62;-479.17;
-213.17;-478.95;
-213.71;-478.71;
-214.24;-478.46;
-214.77;-478.19;
-215.29;-477.91;
-215.8;-477.61;
-216.3;-477.3;
-216.79;-476.98;
-217.28;-476.65;
-217.75;-476.31;
-218.21;-475.96;
-218.67;-475.61;
-219.11;-475.25;
-219.55;-474.88;
-219.97;-474.5;
-220.39;-474.12;
-220.8;-473.74;
-221.19;-473.35;
-221.58;-472.96;
-221.97;-472.57;
-222.34;-472.17;
-222.71;-471.78;
-223.07;-471.38;
-223.42;-470.98;
-223.77;-470.58;
-224.11;-470.18;
-224.45;-469.77;
-224.78;-469.37;
-225.1;-468.96;
-225.42;-468.56;
-225.74;-468.15;
-226.05;-467.75;
-226.36;-467.34;
-226.66;-466.93;
-226.96;-466.52;
-227.25;-466.11;
-227.54;-465.69;
-227.83;-465.28;
-228.11;-464.87;
-228.39;-464.45;
-228.66;-464.03;
-228.94;-463.62;
-229.2;-463.2;
-229.47;-462.78;
-229.73;-462.36;
-229.99;-461.94;
-230.25;-461.52;
-230.5;-461.09;
-230.75;-460.67;
-231;-460.25;
-231.25;-459.82;
-231.49;-459.39;
-231.73;-458.97;
-231.97;-458.54;
-232.2;-458.11;
-232.44;-457.68;
-232.67;-457.24;
-232.9;-456.81;
-233.12;-456.38;
-233.35;-455.95;
-233.57;-455.51;
-233.79;-455.08;
-234.01;-454.64;
-234.22;-454.2;
-234.44;-453.77;
-234.65;-453.33;
-234.86;-452.89;
-235.07;-452.45;
-235.28;-452.01;
-235.48;-451.57;
-235.68;-451.13;
-235.89;-450.69;
-236.09;-450.24;
-236.28;-449.8;
-236.48;-449.36;
-236.67;-448.91;
-236.86;-448.47;
-237.05;-448.02;
-237.24;-447.57;
-237.42;-447.12;
-237.61;-446.67;
-237.79;-446.23;
-237.97;-445.77;
-238.14;-445.32;
-238.32;-444.87;
-238.49;-444.42;
-238.66;-443.97;
-238.83;-443.51;
-239;-443.06;
-239.17;-442.6;
-239.33;-442.15;
-239.49;-441.69;
-239.65;-441.23;
-239.81;-440.78;
-239.97;-440.32;
-240.12;-439.86;
-240.27;-439.4;
-240.42;-438.94;
-240.57;-438.48;
-240.72;-438.02;
-240.86;-437.56;
-241.01;-437.09;
-241.15;-436.63;
-241.29;-436.17;
-241.42;-435.7;
-241.56;-435.24;
-241.69;-434.78;
-241.82;-434.31;
-241.95;-433.85;
-242.07;-433.38;
-242.2;-432.91;
-242.32;-432.44;
-242.44;-431.98;
-242.55;-431.51;
-242.67;-431.04;
-242.78;-430.57;
-242.9;-430.1;
-243.01;-429.63;
-243.12;-429.16;
-243.22;-428.69;
-243.33;-428.22;
-243.44;-427.75;
-243.54;-427.28;
-243.64;-426.81;
-243.74;-426.34;
-243.84;-425.87;
-243.94;-425.4;
-244.04;-424.92;
-244.13;-424.45;
-244.23;-423.98;
-244.32;-423.5;
-244.41;-423.03;
-244.5;-422.56;
-244.59;-422.08;
-244.67;-421.61;
-244.76;-421.13;
-244.84;-420.65;
-244.92;-420.18;
-245;-419.7;
-245.08;-419.22;
-245.15;-418.74;
-245.22;-418.27;
-245.29;-417.79;
-245.36;-417.31;
-245.43;-416.83;
-245.49;-416.35;
-245.55;-415.86;
-245.61;-415.38;
-245.67;-414.9;
-245.72;-414.42;
-245.78;-413.94;
-245.83;-413.45;
-245.87;-412.97;
-245.92;-412.49;
-245.97;-412.01;
-246.01;-411.52;
-246.05;-411.04;
-246.09;-410.55;
-246.13;-410.07;
-246.16;-409.59;
-246.2;-409.1;
-246.23;-408.62;
-246.26;-408.13;
-246.29;-407.65;
-246.32;-407.16;
-246.35;-406.68;
-246.38;-406.19;
-246.4;-405.71;
-246.42;-405.22;
-246.45;-404.73;
-246.47;-404.25;
-246.49;-403.76;
-246.51;-403.27;
-246.53;-402.79;
-246.54;-402.3;
-246.56;-401.81;
-246.58;-401.33;
-246.59;-400.84;
-246.6;-400.35;
-246.62;-399.86;
-246.63;-399.37;
-246.64;-398.88;
-246.65;-398.39;
-246.66;-397.9;
-246.67;-397.41;
-246.68;-396.92;
-246.69;-396.44;
-246.69;-395.95;
-246.7;-395.46;
-246.7;-394.97;
-246.7;-394.48;
-246.7;-393.99;
-246.7;-393.5;
-246.7;-393.01;
-246.7;-392.52;
-246.7;-392.03;
-246.69;-391.54;
-246.69;-391.05;
-246.68;-390.56;
-246.68;-390.07;
-246.67;-389.58;
-246.66;-389.09;
-246.65;-388.6;
-246.64;-388.11;
-246.63;-387.62;
-246.61;-387.14;
-246.6;-386.65;
-246.58;-386.16;
-246.57;-385.67;
-246.55;-385.18;
-246.53;-384.69;
-246.52;-384.21;
-246.5;-383.72;
-246.48;-383.23;
-246.46;-382.74;
-246.44;-382.26;
-246.42;-381.77;
-246.4;-381.28;
-246.37;-380.79;
-246.35;-380.3;
-246.33;-379.82;
-246.3;-379.33;
-246.27;-378.84;
-246.25;-378.35;
-246.22;-377.87;
-246.18;-377.38;
-246.15;-376.89;
-246.12;-376.41;
-246.08;-375.92;
-246.04;-375.43;
-246;-374.94;
-245.96;-374.46;
-245.92;-373.97;
-245.88;-373.48;
-245.83;-372.99;
-245.79;-372.51;
-245.74;-372.02;
-245.69;-371.53;
-245.64;-371.04;
-245.58;-370.55;
-245.53;-370.07;
-245.47;-369.58;
-245.41;-369.09;
-245.35;-368.6;
-245.28;-368.11;
-245.22;-367.62;
-245.15;-367.14;
-245.08;-366.65;
-245;-366.16;
-244.93;-365.67;
-244.85;-365.18;
-244.77;-364.69;
-244.69;-364.2;
-244.6;-363.71;
-244.51;-363.22;
-244.42;-362.73;
-244.33;-362.24;
-244.23;-361.75;
-244.13;-361.26;
-244.03;-360.77;
-243.93;-360.28;
-243.82;-359.79;
-243.71;-359.3;
-243.6;-358.81;
-243.48;-358.32;
-243.36;-357.82;
-243.24;-357.33;
-243.12;-356.84;
-242.99;-356.35;
-242.86;-355.86;
-242.72;-355.37;
-242.58;-354.88;
-242.44;-354.4;
-242.29;-353.91;
-242.14;-353.42;
-241.99;-352.93;
-241.83;-352.44;
-241.67;-351.96;
-241.51;-351.47;
-241.34;-350.98;
-241.17;-350.5;
-240.99;-350.01;
-240.81;-349.53;
-240.63;-349.05;
-240.44;-348.57;
-240.25;-348.09;
-240.05;-347.61;
-239.85;-347.13;
-239.65;-346.65;
-239.44;-346.17;
-239.24;-345.7;
-239.03;-345.22;
-238.81;-344.75;
-238.6;-344.27;
-238.38;-343.8;
-238.15;-343.32;
-237.93;-342.85;
-237.7;-342.38;
-237.47;-341.91;
-237.24;-341.44;
-237;-340.97;
-236.76;-340.51;
-236.51;-340.04;
-236.27;-339.58;
-236.02;-339.11;
-235.76;-338.65;
-235.51;-338.19;
-235.25;-337.73;
-234.98;-337.27;
-234.72;-336.82;
-234.45;-336.36;
-234.17;-335.91;
-233.9;-335.46;
-233.62;-335.01;
-233.34;-334.56;
-233.05;-334.12;
-232.76;-333.67;
-232.47;-333.23;
-232.18;-332.79;
-231.88;-332.35;
-231.58;-331.91;
-231.28;-331.48;
-230.98;-331.04;
-230.67;-330.61;
-230.36;-330.18;
-230.05;-329.75;
-229.73;-329.33;
-229.41;-328.91;
-229.09;-328.48;
-228.76;-328.07;
-228.44;-327.65;
-228.11;-327.24;
-227.77;-326.82;
-227.44;-326.42;
-227.1;-326.01;
-226.76;-325.61;
-226.41;-325.2;
-226.06;-324.81;
-225.71;-324.41;
-225.36;-324.02;
-225.01;-323.63;
-224.65;-323.24;
-224.29;-322.86;
-223.93;-322.48;
-223.56;-322.1;
-223.19;-321.72;
-222.82;-321.35;
-222.45;-320.98;
-222.08;-320.61;
-221.7;-320.25;
-221.32;-319.88;
-220.94;-319.52;
-220.56;-319.16;
-220.18;-318.81;
-219.8;-318.45;
-219.41;-318.1;
-219.03;-317.75;
-218.64;-317.41;
-218.25;-317.06;
-217.86;-316.72;
-217.47;-316.38;
-217.08;-316.04;
-216.68;-315.7;
-216.29;-315.37;
-215.89;-315.04;
-215.5;-314.71;
-215.1;-314.38;
-214.71;-314.05;
-214.31;-313.72;
-213.91;-313.4;
-213.51;-313.08;
-213.11;-312.76;
-212.71;-312.44;
-212.31;-312.12;
-211.9;-311.81;
-211.5;-311.5;
-211.09;-311.19;
-210.69;-310.88;
-210.28;-310.57;
-209.88;-310.27;
-209.47;-309.96;
-209.06;-309.66;
-208.65;-309.36;
-208.24;-309.06;
-207.83;-308.76;
-207.42;-308.47;
-207;-308.17;
-206.59;-307.88;
-206.18;-307.59;
-205.77;-307.29;
-205.35;-307;
-204.94;-306.71;
-204.52;-306.43;
-204.11;-306.14;
-203.7;-305.85;
-203.28;-305.57;
-202.86;-305.28;
-202.45;-305;
-202.03;-304.71;
-201.62;-304.43;
-201.2;-304.15;
-200.78;-303.87;
-200.37;-303.59;
-199.95;-303.31;
-199.53;-303.03;
-199.11;-302.75;
-198.69;-302.47;
-198.28;-302.19;
-197.86;-301.92;
-197.44;-301.64;
-197.02;-301.37;
-196.6;-301.09;
-196.18;-300.82;
-195.76;-300.55;
-195.34;-300.27;
-194.92;-300;
-194.5;-299.73;
-194.08;-299.46;
-193.66;-299.19;
-193.24;-298.92;
-192.82;-298.65;
-192.4;-298.38;
-191.97;-298.11;
-191.55;-297.84;
-191.13;-297.57;
-190.71;-297.31;
-190.28;-297.04;
-189.86;-296.77;
-189.44;-296.51;
-189.02;-296.24;
-188.59;-295.97;
-188.17;-295.71;
-187.75;-295.44;
-187.32;-295.18;
-186.9;-294.91;
-186.48;-294.64;
-186.05;-294.38;
-185.63;-294.11;
-185.21;-293.85;
-184.78;-293.59;
-184.36;-293.32;
-183.93;-293.06;
-183.51;-292.79;
-183.09;-292.53;
-182.66;-292.26;
-182.24;-292;
-181.82;-291.73;
-181.4;-291.46;
-180.97;-291.2;
-180.55;-290.93;
-180.13;-290.67;
-179.7;-290.4;
-179.28;-290.14;
-178.86;-289.87;
-178.43;-289.61;
-178.01;-289.34;
-177.59;-289.08;
-177.16;-288.82;
-176.74;-288.55;
-176.31;-288.29;
-175.89;-288.03;
-175.46;-287.77;
-175.04;-287.51;
-174.61;-287.24;
-174.19;-286.98;
-173.76;-286.72;
-173.34;-286.47;
-172.91;-286.21;
-172.48;-285.95;
-172.06;-285.69;
-171.63;-285.43;
-171.2;-285.17;
-170.78;-284.92;
-170.35;-284.66;
-169.92;-284.4;
-169.49;-284.15;
-169.06;-283.89;
-168.64;-283.63;
-168.21;-283.38;
-167.78;-283.12;
-167.35;-282.87;
-166.92;-282.61;
-166.49;-282.36;
-166.06;-282.1;
-165.63;-281.85;
-165.21;-281.59;
-164.78;-281.34;
-164.35;-281.08;
-163.92;-280.82;
-163.49;-280.57;
-163.06;-280.31;
-162.63;-280.05;
-162.21;-279.8;
-161.78;-279.54;
-161.35;-279.28;
-160.92;-279.02;
-160.49;-278.76;
-160.07;-278.51;
-159.64;-278.25;
-159.21;-277.99;
-158.78;-277.73;
-158.36;-277.46;
-157.93;-277.2;
-157.5;-276.94;
-157.08;-276.67;
-156.65;-276.41;
-156.23;-276.14;
-155.81;-275.87;
-155.38;-275.6;
-154.96;-275.33;
-154.54;-275.06;
-154.12;-274.79;
-153.7;-274.51;
-153.28;-274.24;
-152.86;-273.96;
-152.44;-273.68;
-152.02;-273.41;
-151.6;-273.13;
-151.18;-272.85;
-150.76;-272.57;
-150.34;-272.29;
-149.93;-272.01;
-149.51;-271.72;
-149.09;-271.44;
-148.67;-271.16;
-148.26;-270.87;
-147.84;-270.59;
-147.43;-270.3;
-147.01;-270.01;
-146.6;-269.72;
-146.18;-269.43;
-145.77;-269.14;
-145.35;-268.85;
-144.94;-268.55;
-144.53;-268.26;
-144.12;-267.96;
-143.71;-267.67;
-143.3;-267.37;
-142.89;-267.07;
-142.48;-266.76;
-142.08;-266.46;
-141.67;-266.15;
-141.27;-265.84;
-140.87;-265.53;
-140.47;-265.22;
-140.07;-264.91;
-139.67;-264.6;
-139.27;-264.28;
-138.87;-263.96;
-138.47;-263.65;
-138.08;-263.33;
-137.68;-263.01;
-137.29;-262.68;
-136.9;-262.36;
-136.51;-262.03;
-136.12;-261.71;
-135.73;-261.38;
-135.34;-261.05;
-134.95;-260.71;
-134.57;-260.38;
-134.18;-260.04;
-133.8;-259.71;
-133.42;-259.37;
-133.05;-259.03;
-132.67;-258.68;
-132.29;-258.34;
-131.92;-257.99;
-131.55;-257.64;
-131.18;-257.29;
-130.81;-256.94;
-130.44;-256.59;
-130.08;-256.24;
-129.71;-255.88;
-129.35;-255.52;
-128.98;-255.17;
-128.62;-254.81;
-128.26;-254.45;
-127.91;-254.09;
-127.55;-253.73;
-127.19;-253.36;
-126.84;-253;
-126.49;-252.63;
-126.14;-252.26;
-125.79;-251.89;
-125.44;-251.52;
-125.09;-251.15;
-124.74;-250.78;
-124.4;-250.41;
-124.06;-250.03;
-123.71;-249.66;
-123.37;-249.28;
-123.03;-248.9;
-122.7;-248.53;
-122.36;-248.15;
-122.02;-247.77;
-121.69;-247.39;
-121.35;-247.01;
-121.02;-246.62;
-120.69;-246.24;
-120.36;-245.86;
-120.03;-245.47;
-119.7;-245.09;
-119.37;-244.7;
-119.04;-244.32;
-118.72;-243.93;
-118.39;-243.54;
-118.07;-243.15;
-117.74;-242.76;
-117.42;-242.38;
-117.1;-241.99;
-116.78;-241.59;
-116.46;-241.2;
-116.14;-240.81;
-115.82;-240.42;
-115.5;-240.03;
-115.18;-239.63;
-114.87;-239.24;
-114.55;-238.84;
-114.24;-238.45;
-113.92;-238.05;
-113.61;-237.65;
-113.3;-237.25;
-112.99;-236.85;
-112.68;-236.45;
-112.37;-236.05;
-112.06;-235.64;
-111.76;-235.24;
-111.45;-234.83;
-111.14;-234.43;
-110.84;-234.02;
-110.53;-233.61;
-110.23;-233.2;
-109.92;-232.79;
-109.62;-232.38;
-109.32;-231.97;
-109.01;-231.56;
-108.71;-231.15;
-108.41;-230.73;
-108.1;-230.32;
-107.8;-229.9;
-107.49;-229.49;
-107.19;-229.07;
-106.89;-228.65;
-106.58;-228.23;
-106.28;-227.81;
-105.98;-227.39;
-105.67;-226.97;
-105.37;-226.54;
-105.07;-226.12;
-104.77;-225.69;
-104.47;-225.26;
-104.17;-224.83;
-103.87;-224.39;
-103.58;-223.96;
-103.28;-223.52;
-102.99;-223.08;
-102.71;-222.63;
-102.42;-222.18;
-102.14;-221.73;
-101.86;-221.27;
-101.59;-220.82;
-101.32;-220.35;
-101.06;-219.89;
-100.8;-219.41;
-100.54;-218.94;
-100.29;-218.46;
-100.05;-217.98;
-99.804;-217.5;
-99.568;-217.01;
-99.336;-216.52;
-99.11;-216.02;
-98.889;-215.52;
-98.675;-215.02;
-98.466;-214.51;
-98.262;-214;
-98.064;-213.49;
-97.87;-212.98;
-97.681;-212.46;
-97.497;-211.94;
-97.318;-211.41;
-97.145;-210.89;
-96.977;-210.36;
-96.815;-209.83;
-96.658;-209.3;
-96.508;-208.77;
-96.363;-208.24;
-96.225;-207.71;
-96.092;-207.17;
-95.965;-206.64;
-95.843;-206.1;
-95.728;-205.57;
-95.618;-205.04;
-95.515;-204.5;
-95.417;-203.97;
-95.325;-203.43;
-95.239;-202.9;
-95.158;-202.36;
-95.082;-201.83;
-95.011;-201.3;
-94.944;-200.76;
-94.882;-200.23;
-94.824;-199.7;
-94.772;-199.17;
-94.724;-198.64;
-94.681;-198.11;
-94.644;-197.59;
-94.612;-197.06;
-94.585;-196.53;
-94.563;-196.01;
-94.547;-195.48;
-94.537;-194.96;
-94.531;-194.44;
-94.531;-193.91;
-94.534;-193.39;
-94.542;-192.87;
-94.551;-192.36;
-94.564;-191.84;
-94.578;-191.32;
-94.594;-190.81;
-94.611;-190.3;
-94.63;-189.78;
-94.65;-189.27;
-94.67;-188.76;
-94.692;-188.26;
-94.714;-187.75;
-94.737;-187.24;
-94.76;-186.73;
-94.784;-186.23;
-94.809;-185.72;
-94.835;-185.22;
-94.861;-184.72;
-94.888;-184.22;
-94.916;-183.71;
-94.944;-183.21;
-94.973;-182.71;
-95.003;-182.21;
-95.034;-181.72;
-95.065;-181.22;
-95.097;-180.72;
-95.13;-180.22;
-95.164;-179.73;
-95.198;-179.23;
-95.233;-178.74;
-95.269;-178.25;
-95.306;-177.75;
-95.343;-177.26;
-95.381;-176.76;
-95.419;-176.27;
-95.458;-175.78;
-95.497;-175.29;
-95.537;-174.8;
-95.576;-174.3;
-95.616;-173.81;
-95.656;-173.32;
-95.697;-172.83;
-95.737;-172.34;
-95.777;-171.85;
-95.818;-171.36;
-95.858;-170.87;
-95.899;-170.38;
-95.94;-169.89;
-95.981;-169.4;
-96.022;-168.91;
-96.063;-168.42;
-96.105;-167.93;
-96.146;-167.44;
-96.188;-166.94;
-96.23;-166.45;
-96.273;-165.96;
-96.315;-165.46;
-96.357;-164.96;
-96.4;-164.46;
-96.442;-163.96;
-96.484;-163.46;
-96.526;-162.96;
-96.568;-162.45;
-96.61;-161.95;
-96.651;-161.43;
-96.692;-160.92;
-96.732;-160.41;
-96.772;-159.89;
-96.811;-159.36;
-96.85;-158.84;
-96.887;-158.31;
-96.922;-157.78;
-96.955;-157.24;
-96.983;-156.7;
-97.007;-156.16;
-97.024;-155.61;
-97.034;-155.07;
-97.036;-154.51;
-97.027;-153.96;
-97.007;-153.41;
-96.975;-152.86;
-96.929;-152.3;
-96.869;-151.75;
-96.795;-151.2;
-96.707;-150.65;
-96.604;-150.1;
-96.487;-149.56;
-96.356;-149.02;
-96.211;-148.48;
-96.052;-147.95;
-95.88;-147.43;
-95.694;-146.91;
-95.495;-146.39;
-95.283;-145.89;
-95.058;-145.39;
-94.821;-144.9;
-94.573;-144.42;
-94.314;-143.94;
-94.045;-143.48;
-93.767;-143.02;
-93.48;-142.58;
-93.186;-142.14;
-92.885;-141.71;
-92.578;-141.29;
-92.266;-140.88;
-91.949;-140.47;
-91.628;-140.07;
-91.304;-139.68;
-90.977;-139.29;
-90.648;-138.9;
-90.317;-138.53;
-89.984;-138.15;
-89.648;-137.78;
-89.311;-137.41;
-88.972;-137.04;
-88.632;-136.67;
-88.29;-136.3;
-87.947;-135.94;
-87.603;-135.57;
-87.258;-135.2;
-86.913;-134.83;
-86.567;-134.46;
-86.221;-134.09;
-85.875;-133.71;
-85.529;-133.33;
-85.182;-132.95;
-84.837;-132.56;
-84.492;-132.17;
-84.15;-131.77;
-83.812;-131.36;
-83.478;-130.95;
-83.149;-130.53;
-82.828;-130.11;
-82.516;-129.67;
-82.214;-129.22;
-81.924;-128.77;
-81.648;-128.3;
-81.387;-127.83;
-81.143;-127.34;
-80.916;-126.84;
-80.708;-126.33;
-80.518;-125.82;
-80.347;-125.29;
-80.195;-124.75;
-80.062;-124.21;
-79.945;-123.66;
-79.844;-123.1;
-79.757;-122.54;
-79.684;-121.97;
-79.623;-121.4;
-79.573;-120.83;
-79.534;-120.25;
-79.504;-119.67;
-79.482;-119.09;
-79.47;-118.51;
-79.465;-117.92;
-79.467;-117.34;
-79.476;-116.75;
-79.491;-116.17;
-79.512;-115.59;
-79.538;-115.01;
-79.57;-114.42;
-79.605;-113.84;
-79.643;-113.27;
-79.685;-112.69;
-79.731;-112.11;
-79.782;-111.54;
-79.837;-110.96;
-79.897;-110.39;
-79.964;-109.82;
-80.037;-109.25;
-80.12;-108.68;
-80.212;-108.12;
-80.318;-107.56;
-80.437;-107;
-80.57;-106.45;
-80.718;-105.91;
-80.883;-105.37;
-81.065;-104.84;
-81.266;-104.32;
-81.485;-103.8;
-81.722;-103.3;
-81.978;-102.81;
-82.252;-102.33;
-82.542;-101.87;
-82.849;-101.41;
-83.171;-100.97;
-83.506;-100.54;
-83.853;-100.12;
-84.21;-99.705;
-84.576;-99.303;
-84.949;-98.911;
-85.328;-98.527;
-85.712;-98.151;
-86.099;-97.78;
-86.488;-97.416;
-86.877;-97.056;
-87.268;-96.701;
-87.658;-96.35;
-88.049;-96.003;
-88.439;-95.659;
-88.829;-95.319;
-89.218;-94.981;
-89.606;-94.647;
-89.994;-94.315;
-90.381;-93.986;
-90.769;-93.659;
-91.155;-93.334;
-91.542;-93.012;
-91.928;-92.692;
-92.315;-92.373;
-92.701;-92.056;
-93.086;-91.741;
-93.472;-91.426;
-93.858;-91.112;
-94.244;-90.799;
-94.63;-90.487;
-95.016;-90.176;
-95.403;-89.866;
-95.79;-89.556;
-96.179;-89.247;
-96.567;-88.939;
-96.957;-88.63;
-97.347;-88.322;
-97.739;-88.015;
-98.131;-87.707;
-98.523;-87.4;
-98.917;-87.092;
-99.311;-86.784;
-99.706;-86.476;
-100.1;-86.167;
-100.5;-85.858;
-100.9;-85.549;
-101.29;-85.238;
-101.69;-84.927;
-102.09;-84.615;
-102.49;-84.301;
-102.89;-83.986;
-103.3;-83.67;
-103.7;-83.351;
-104.1;-83.03;
-104.5;-82.707;
-104.9;-82.381;
-105.3;-82.052;
-105.7;-81.719;
-106.1;-81.382;
-106.5;-81.042;
-106.89;-80.697;
-107.28;-80.347;
-107.68;-79.993;
-108.06;-79.634;
-108.45;-79.269;
-108.83;-78.898;
-109.21;-78.521;
-109.58;-78.138;
-109.95;-77.748;
-110.31;-77.351;
-110.67;-76.948;
-111.02;-76.537;
-111.36;-76.12;
-111.69;-75.695;
-112.02;-75.263;
-112.34;-74.824;
-112.65;-74.379;
-112.95;-73.927;
-113.24;-73.469;
-113.52;-73.006;
-113.8;-72.536;
-114.06;-72.062;
-114.32;-71.582;
-114.57;-71.097;
-114.81;-70.608;
-115.04;-70.115;
-115.26;-69.618;
-115.47;-69.118;
-115.67;-68.614;
-115.87;-68.108;
-116.06;-67.599;
-116.24;-67.087;
-116.41;-66.574;
-116.57;-66.058;
-116.73;-65.541;
-116.88;-65.021;
-117.02;-64.501;
-117.15;-63.979;
-117.27;-63.456;
-117.39;-62.932;
-117.49;-62.408;
-117.6;-61.884;
-117.69;-61.359;
-117.78;-60.835;
-117.87;-60.31;
-117.95;-59.785;
-118.02;-59.261;
-118.09;-58.737;
-118.16;-58.213;
-118.23;-57.689;
-118.29;-57.166;
-118.35;-56.642;
-118.4;-56.119;
-118.45;-55.595;
-118.5;-55.071;
-118.55;-54.547;
-118.6;-54.021;
-118.64;-53.496;
-118.68;-52.969;
-118.71;-52.441;
-118.75;-51.911;
-118.78;-51.38;
-118.81;-50.846;
-118.84;-50.311;
-118.87;-49.773;
-118.89;-49.233;
-118.91;-48.69;
-118.94;-48.145;
-118.95;-47.596;
-118.97;-47.046;
-118.98;-46.493;
-119;-45.938;
-119.01;-45.382;
-119.01;-44.826;
-119.02;-44.269;
-119.02;-43.713;
-119.01;-43.157;
-119.01;-42.602;
-119;-42.048;
-118.99;-41.495;
-118.97;-40.943;
-118.95;-40.394;
-118.92;-39.847;
-118.88;-39.304;
-118.84;-38.764;
-118.79;-38.228;
-118.74;-37.698;
-118.67;-37.173;
-118.59;-36.654;
-118.5;-36.141;
-118.4;-35.636;
-118.29;-35.138;
-118.16;-34.648;
-118.02;-34.166;
-117.86;-33.693;
-117.68;-33.229;
-117.48;-32.775;
-117.25;-32.331;
-117.01;-31.896;
-116.74;-31.471;
-116.46;-31.055;
-116.15;-30.648;
-115.82;-30.25;
-115.48;-29.859;
-115.11;-29.475;
-114.74;-29.096;
-114.35;-28.719;
-113.97;-28.343;
-113.59;-27.965;
-113.21;-27.584;
-112.84;-27.2;
-112.48;-26.812;
-112.13;-26.419;
-111.79;-26.021;
-111.45;-25.617;
-111.13;-25.208;
-110.82;-24.791;
-110.52;-24.368;
-110.24;-23.937;
-109.97;-23.498;
-109.71;-23.05;
-109.48;-22.593;
-109.25;-22.126;
-109.05;-21.65;
-108.86;-21.163;
-108.69;-20.665;
-108.54;-20.156;
-108.41;-19.636;
-108.29;-19.105;
-108.19;-18.565;
-108.11;-18.017;
-108.05;-17.46;
-107.99;-16.897;
-107.95;-16.328;
-107.93;-15.755;
-107.91;-15.182;
-107.9;-14.609;
-107.89;-14.037;
-107.89;-13.467;
-107.9;-12.9;
-107.91;-12.335;
-107.92;-11.772;
-107.94;-11.213;
-107.97;-10.657;
-107.99;-10.103;
-108.03;-9.5534;
-108.06;-9.007;
-108.1;-8.4642;
-108.14;-7.9249;
-108.18;-7.3892;
-108.22;-6.8569;
-108.27;-6.3282;
-108.31;-5.8026;
-108.36;-5.2802;
-108.4;-4.7607;
-108.45;-4.2437;
-108.49;-3.7292;
-108.54;-3.2168;
-108.59;-2.7063;
-108.63;-2.1974;
-108.68;-1.6901;
-108.73;-1.1841;
-108.78;-0.6791;
-108.82;-0.17502;
-108.87;0.32834;
-108.92;0.83111;
-108.97;1.3333;
-109.01;1.8351;
-109.06;2.3364;
-109.11;2.8373;
-109.15;3.3378;
-109.2;3.838;
-109.24;4.3379;
-109.29;4.8375;
-109.33;5.3369;
-109.37;5.836;
-109.42;6.3349;
-109.46;6.8335;
-109.5;7.332;
-109.54;7.8304;
-109.58;8.3287;
-109.62;8.8268;
-109.66;9.325;
-109.7;9.823;
-109.74;10.321;
-109.78;10.819;
-109.82;11.317;
-109.86;11.815;
-109.9;12.312;
-109.94;12.81;
-109.98;13.307;
-110.02;13.805;
-110.06;14.302;
-110.1;14.8;
-110.14;15.297;
-110.18;15.794;
-110.22;16.291;
-110.26;16.789;
-110.3;17.286;
-110.34;17.783;
-110.37;18.28;
-110.41;18.778;
-110.45;19.275;
-110.49;19.773;
-110.53;20.27;
-110.57;20.768;
-110.61;21.265;
-110.65;21.763;
-110.69;22.26;
-110.73;22.758;
-110.76;23.256;
-110.8;23.753;
-110.84;24.251;
-110.88;24.749;
-110.92;25.246;
-110.96;25.744;
-111;26.241;
-111.04;26.739;
-111.08;27.236;
-111.12;27.733;
-111.17;28.231;
-111.21;28.728;
-111.25;29.226;
-111.29;29.723;
-111.32;30.22;
-111.36;30.718;
-111.4;31.215;
-111.44;31.713;
-111.48;32.21;
-111.52;32.708;
-111.56;33.205;
-111.6;33.703;
-111.64;34.201;
-111.68;34.699;
-111.72;35.197;
-111.75;35.695;
-111.79;36.193;
-111.83;36.691;
-111.87;37.189;
-111.91;37.687;
-111.95;38.185;
-111.98;38.683;
-112.02;39.181;
-112.06;39.679;
-112.09;40.177;
-112.13;40.675;
-112.17;41.173;
-112.21;41.671;
-112.24;42.169;
-112.28;42.667;
-112.32;43.165;
-112.35;43.664;
-112.39;44.162;
-112.42;44.66;
-112.46;45.159;
-112.5;45.658;
-112.53;46.156;
-112.57;46.655;
-112.6;47.154;
-112.64;47.653;
-112.68;48.152;
-112.71;48.651;
-112.75;49.15;
-112.78;49.649;
-112.82;50.148;
-112.85;50.647;
-112.89;51.146;
-112.93;51.645;
-112.96;52.144;
-113;52.643;
-113.04;53.142;
-113.07;53.641;
-113.11;54.14;
-113.15;54.639;
-113.19;55.138;
-113.22;55.636;
-113.26;56.135;
-113.3;56.633;
-113.34;57.131;
-113.37;57.629;
-113.41;58.127;
-113.45;58.624;
-113.48;59.12;
-113.52;59.616;
-113.56;60.111;
-113.59;60.605;
-113.63;61.099;
-113.67;61.592;
-113.7;62.084;
-113.74;62.575;
-113.78;63.066;
-113.82;63.555;
-113.86;64.044;
-113.9;64.532;
-113.93;65.019;
-113.97;65.505;
-114.01;65.99;
-114.05;66.474;
-114.09;66.958;
-114.13;67.441;
-114.17;67.923;
-114.22;68.404;
-114.26;68.885;
-114.3;69.365;
-114.34;69.845;
-114.38;70.324;
-114.42;70.803;
-114.46;71.282;
-114.5;71.761;
-114.54;72.24;
-114.58;72.719;
-114.62;73.199;
-114.66;73.679;
-114.71;74.16;
-114.75;74.642;
-114.79;75.124;
-114.82;75.608;
-114.86;76.093;
-114.9;76.579;
-114.93;77.067;
-114.96;77.556;
-114.98;78.047;
-115;78.539;
-115.02;79.033;
-115.03;79.529;
-115.04;80.027;
-115.04;80.527;
-115.04;81.029;
-115.03;81.533;
-115.01;82.039;
-114.99;82.547;
-114.96;83.057;
-114.93;83.57;
-114.88;84.084;
-114.83;84.601;
-114.77;85.119;
-114.7;85.639;
-114.61;86.161;
-114.52;86.683;
-114.41;87.206;
-114.29;87.731;
-114.16;88.255;
-114.02;88.78;
-113.87;89.305;
-113.7;89.829;
-113.52;90.353;
-113.32;90.876;
-113.12;91.398;
-112.9;91.919;
-112.67;92.438;
-112.43;92.956;
-112.17;93.471;
-111.91;93.983;
-111.63;94.492;
-111.34;94.998;
-111.03;95.499;
-110.72;95.996;
-110.39;96.487;
-110.04;96.971;
-109.69;97.45;
-109.32;97.921;
-108.94;98.386;
-108.55;98.842;
-108.14;99.289;
-107.73;99.727;
-107.3;100.16;
-106.86;100.58;
-106.42;100.99;
-105.96;101.39;
-105.49;101.77;
-105.01;102.15;
-104.53;102.52;
-104.03;102.87;
-103.53;103.21;
-103.01;103.54;
-102.49;103.85;
-101.97;104.16;
-101.43;104.45;
-100.89;104.73;
-100.34;105;
-99.793;105.25;
-99.236;105.5;
-98.675;105.73;
-98.109;105.95;
-97.54;106.16;
-96.968;106.35;
-96.391;106.54;
-95.812;106.71;
-95.23;106.87;
-94.645;107.02;
-94.057;107.15;
-93.467;107.27;
-92.876;107.38;
-92.283;107.47;
-91.689;107.56;
-91.094;107.63;
-90.499;107.69;
-89.904;107.73;
-89.309;107.77;
-88.714;107.79;
-88.12;107.81;
-87.526;107.81;
-86.934;107.8;
-86.342;107.77;
-85.752;107.74;
-85.164;107.7;
-84.577;107.64;
-83.993;107.58;
-83.41;107.51;
-82.829;107.42;
-82.251;107.33;
-81.675;107.22;
-81.102;107.11;
-80.532;106.99;
-79.965;106.85;
-79.402;106.71;
-78.842;106.56;
-78.286;106.4;
-77.735;106.23;
-77.188;106.05;
-76.645;105.86;
-76.107;105.66;
-75.574;105.46;
-75.047;105.24;
-74.525;105.02;
-74.01;104.78;
-73.501;104.54;
-72.998;104.29;
-72.502;104.03;
-72.013;103.77;
-71.53;103.49;
-71.055;103.21;
-70.586;102.93;
-70.125;102.63;
-69.672;102.33;
-69.226;102.03;
-68.787;101.71;
-68.356;101.4;
-67.932;101.07;
-67.515;100.74;
-67.106;100.41;
-66.705;100.07;
-66.311;99.726;
-65.925;99.377;
-65.547;99.024;
-65.176;98.666;
-64.812;98.303;
-64.456;97.936;
-64.107;97.565;
-63.766;97.19;
-63.432;96.811;
-63.104;96.429;
-62.784;96.043;
-62.47;95.654;
-62.163;95.261;
-61.862;94.866;
-61.567;94.468;
-61.278;94.068;
-60.994;93.665;
-60.714;93.261;
-60.439;92.855;
-60.168;92.447;
-59.9;92.039;
-59.636;91.629;
-59.375;91.218;
-59.116;90.807;
-58.86;90.395;
-58.605;89.982;
-58.352;89.569;
-58.1;89.156;
-57.849;88.742;
-57.599;88.329;
-57.348;87.916;
-57.098;87.503;
-56.847;87.09;
-56.596;86.677;
-56.344;86.264;
-56.092;85.852;
-55.839;85.439;
-55.586;85.026;
-55.332;84.613;
-55.077;84.2;
-54.821;83.786;
-54.565;83.372;
-54.308;82.958;
-54.051;82.543;
-53.792;82.127;
-53.533;81.711;
-53.273;81.295;
-53.011;80.878;
-52.749;80.461;
-52.486;80.044;
-52.222;79.626;
-51.957;79.208;
-51.691;78.79;
-51.424;78.371;
-51.157;77.953;
-50.888;77.533;
-50.619;77.114;
-50.349;76.695;
-50.078;76.276;
-49.807;75.856;
-49.535;75.437;
-49.263;75.017;
-48.99;74.598;
-48.716;74.179;
-48.443;73.76;
-48.169;73.341;
-47.894;72.922;
-47.619;72.504;
-47.344;72.085;
-47.069;71.666;
-46.794;71.248;
-46.519;70.829;
-46.243;70.41;
-45.968;69.992;
-45.693;69.573;
-45.418;69.154;
-45.143;68.735;
-44.869;68.316;
-44.594;67.898;
-44.319;67.479;
-44.045;67.06;
-43.77;66.642;
-43.495;66.223;
-43.22;65.805;
-42.945;65.387;
-42.67;64.97;
-42.394;64.552;
-42.118;64.135;
-41.842;63.718;
-41.566;63.301;
-41.29;62.884;
-41.014;62.467;
-40.738;62.05;
-40.461;61.634;
-40.185;61.217;
-39.909;60.8;
-39.633;60.383;
-39.358;59.967;
-39.082;59.55;
-38.806;59.133;
-38.531;58.716;
-38.255;58.299;
-37.98;57.881;
-37.705;57.464;
-37.429;57.047;
-37.154;56.63;
-36.879;56.212;
-36.604;55.795;
-36.329;55.377;
-36.055;54.959;
-35.781;54.541;
-35.507;54.123;
-35.234;53.704;
-34.96;53.286;
-34.687;52.867;
-34.415;52.449;
-34.142;52.03;
-33.869;51.611;
-33.597;51.192;
-33.325;50.773;
-33.052;50.355;
-32.78;49.936;
-32.508;49.517;
-32.236;49.098;
-31.963;48.679;
-31.691;48.26;
-31.419;47.841;
-31.146;47.422;
-30.874;47.004;
-30.601;46.585;
-30.329;46.167;
-30.056;45.748;
-29.783;45.33;
-29.51;44.911;
-29.237;44.493;
-28.964;44.075;
-28.69;43.657;
-28.417;43.239;
-28.143;42.821;
-27.869;42.403;
-27.595;41.985;
-27.321;41.567;
-27.047;41.148;
-26.773;40.73;
-26.5;40.312;
-26.226;39.894;
-25.952;39.476;
-25.679;39.057;
-25.405;38.639;
-25.132;38.22;
-24.858;37.802;
-24.585;37.384;
-24.311;36.965;
-24.038;36.547;
-23.764;36.129;
-23.49;35.71;
-23.217;35.292;
-22.943;34.874;
-22.669;34.456;
-22.396;34.038;
-22.122;33.62;
-21.848;33.202;
-21.575;32.783;
-21.301;32.365;
-21.028;31.946;
-20.755;31.528;
-20.482;31.109;
-20.209;30.691;
-19.936;30.272;
-19.663;29.853;
-19.391;29.434;
-19.118;29.016;
-18.845;28.597;
-18.572;28.178;
-18.3;27.759;
-18.027;27.339;
-17.754;26.92;
-17.481;26.501;
-17.208;26.081;
-16.935;25.661;
-16.662;25.241;
-16.389;24.82;
-16.116;24.399;
-15.843;23.978;
-15.569;23.556;
-15.296;23.134;
-15.023;22.712;
-14.749;22.289;
-14.476;21.866;
-14.202;21.443;
-13.929;21.02;
-13.656;20.597;
-13.383;20.174;
-13.11;19.752;
-12.838;19.331;
-12.566;18.91;
-12.294;18.489;
-12.023;18.069;
-11.751;17.65;
-11.48;17.232;
-11.209;16.814;
-10.938;16.397;
-10.667;15.98;
-10.396;15.563;
-10.125;15.146;
-9.8538;14.729;
-9.5825;14.313;
-9.3108;13.896;
-9.0389;13.479;
-8.7665;13.062;
-8.4937;12.645;
-8.2202;12.229;
-7.9459;11.812;
-7.6706;11.396;
-7.3942;10.981;
-7.1163;10.567;
-6.8368;10.153;
-6.5555;9.7411;
-6.2723;9.3303;
-5.9871;8.9208;
-5.6999;8.5126;
-5.4106;8.1057;
-5.1191;7.7;
-4.8256;7.2955;
-4.5308;6.8918;
-4.2357;6.4883;
-3.9414;6.0846;
-3.6489;5.6801;
-3.3594;5.2743;
-3.0735;4.8667;
-2.7915;4.4569;
-2.5128;4.0446;
-2.2371;3.6296;
-1.964;3.2113;
-1.6932;2.7896;
-1.4243;2.3639;
-1.1569;1.934;
-0.89061;1.4993;
-0.62513;1.0595;
